# Created by Octave 6.2.0, Tue May 11 04:48:54 2021 GMT <unknown@LAPTOP-PMRABKUF>
# name: x
# type: matrix
# rows: 1
# columns: 200
 0 0.031573795513465258 0.063147591026930516 0.094721386540395774 0.12629518205386103 0.15786897756732629 0.18944277308079155 0.22101656859425681 0.25259036410772207 0.28416415962118735 0.31573795513465258 0.34731175064811781 0.3788855461615831 0.41045934167504838 0.44203313718851361 0.47360693270197884 0.50518072821544413 0.53675452372890942 0.5683283192423747 0.59990211475583988 0.63147591026930516 0.66304970578277045 0.69462350129623562 0.72619729680970091 0.7577710923231662 0.78934488783663148 0.82091868335009677 0.85249247886356194 0.88406627437702723 0.91564006989049251 0.94721386540395769 0.97878766091742297 1.0103614564308883 1.0419352519443534 1.0735090474578188 1.105082842971284 1.1366566384847494 1.1682304339982146 1.1998042295116798 1.2313780250251452 1.2629518205386103 1.2945256160520755 1.3260994115655409 1.3576732070790061 1.3892470025924712 1.4208207981059366 1.4523945936194018 1.4839683891328672 1.5155421846463324 1.5471159801597976 1.578689775673263 1.6102635711867281 1.6418373667001935 1.6734111622136587 1.7049849577271239 1.7365587532405893 1.7681325487540545 1.7997063442675196 1.831280139780985 1.8628539352944502 1.8944277308079154 1.9260015263213808 1.9575753218348459 1.9891491173483113 2.0207229128617765 2.0522967083752417 2.0838705038887069 2.1154442994021725 2.1470180949156377 2.1785918904291028 2.210165685942568 2.2417394814560332 2.2733132769694988 2.304887072482964 2.3364608679964292 2.3680346635098943 2.3996084590233595 2.4311822545368247 2.4627560500502903 2.4943298455637555 2.5259036410772207 2.5574774365906858 2.589051232104151 2.6206250276176166 2.6521988231310818 2.683772618644547 2.7153464141580121 2.7469202096714773 2.7784940051849425 2.8100678006984081 2.8416415962118733 2.8732153917253385 2.9047891872388036 2.9363629827522688 2.9679367782657344 2.9995105737791996 3.0310843692926648 3.06265816480613 3.0942319603195951 3.1258057558330608 3.1573795513465255 3.1889533468599911 3.2205271423734563 3.2521009378869215 3.2836747334003866 3.3152485289138518 3.3468223244273174 3.3783961199407826 3.4099699154542478 3.4415437109677129 3.4731175064811781 3.5046913019946437 3.5362650975081089 3.5678388930215741 3.5994126885350393 3.6309864840485044 3.6625602795619696 3.6941340750754352 3.7257078705889004 3.7572816661023656 3.7888554616158308 3.8204292571292959 3.8520030526427615 3.8835768481562267 3.9151506436696919 3.9467244391831571 3.9782982346966222 4.0098720302100874 4.041445825723553 4.0730196212370178 4.1045934167504834 4.136167212263949 4.1677410077774137 4.1993148032908794 4.230888598804345 4.2624623943178097 4.2940361898312744 4.3256099853447401 4.3571837808582057 4.3887575763716704 4.420331371885136 4.4519051673986016 4.4834789629120664 4.515052758425532 4.5466265539389967 4.5782003494524623 4.6097741449659271 4.6413479404793927 4.6729217359928583 4.704495531506323 4.7360693270197887 4.7676431225332543 4.799216918046719 4.8307907135601846 4.8623645090736494 4.893938304587115 4.9255121001005797 4.9570858956140453 4.988659691127511 5.0202334866409757 5.0518072821544413 5.0833810776679069 5.1149548731813717 5.1465286686948364 5.178102464208302 5.2096762597217676 5.2412500552352324 5.272823850748698 5.3043976462621636 5.3359714417756283 5.3675452372890939 5.3991190328025587 5.4306928283160243 5.462266623829489 5.4938404193429546 5.5254142148564203 5.556988010369885 5.5885618058833506 5.6201356013968162 5.651709396910281 5.6832831924237466 5.7148569879372113 5.7464307834506769 5.7780045789641417 5.8095783744776073 5.8411521699910729 5.8727259655045376 5.9042997610180032 5.9358735565314689 5.9674473520449336 5.9990211475583992 6.0305949430718639 6.0621687385853296 6.0937425340987943 6.1253163296122599 6.1568901251257255 6.1884639206391903 6.2200377161526559 6.2516115116661206 6.2831853071795862


# name: y
# type: matrix
# rows: 1
# columns: 200
 0 0.031542335136744724 0.062896283931734562 0.093875334024992027 0.12429669493928308 0.15398309428583379 0.18276449758291796 0.21047972835407402 0.2369779669379066 0.2621201085750276 0.28577996379384818 0.30784528684330725 0.32821862085966041 0.34681795154486728 0.36357716431233744 0.37844630305757154 0.39139163187311338 0.40239550408807356 0.41145604591481821 0.41858666467673072 0.42381539402475665 0.42718409068720781 0.42874749910516308 0.42857220176105015 0.42673547409532975 0.42332406361881941 0.41843291316754666 0.41216384822252811 0.40462424784527268 0.39592571808452171 0.38618278571995851 0.37551162895836337 0.36402886022478437 0.35185037453628015 0.33909027515082946 0.32585988629185697 0.31226686080174332 0.29841438861657926 0.28440051001787098 0.2703175357405318 0.25625157423225581 0.24228216469510866 0.22848201301926485 0.21491682635991347 0.20164524092533981 0.1887188365462017 0.17618223078758891 0.16407324474679735 0.1524231322470776 0.14125686388355821 0.13059345729163011 0.12044634507721921 0.11082377205741058 0.10172921379211125 0.093161808825103068 0.085116797577682368 0.077585961431765452 0.070558056183887621 0.064019234729687652 0.057953454534040945 0.052342866140092634 0.047168179657647823 0.042409006835961251 0.038044176957923823 0.034052025383741469 0.030410654115962787 0.027098164249383057 0.024092860605783074 0.02137342923301665 0.018919088770360609 0.016709716948216036 0.014725953702162235 0.012949282541852588 0.011362091927829672 0.0099477184780841915 0.0086904738555172688 0.0075756571820371314 0.006589554789575138 0.0057194290575560865 0.004953498004893849 0.0042809072067813182 0.0036916954965025904 0.0031767557939802221 0.0027277922791833858 0.0023372750028729022 0.0019983929020593572 0.0017050060652145215 0.0014515979745305186 0.0012332283408237159 0.0010454870421434624 0.00088444958056588415 0.00074663438354200505 0.0006289621967882458 0.00052871774509986478 0.00044351377549561855 0.00037125754347551475 0.00031011975748498135 0.00025850595842914146 0.00021503027970672407 0.00017849150812964052 0.00014785134663539772 0.00012221476525523043 0.00010081231675165519 8.2984287087315933e-05 6.8166547866152562e-05 5.5877977569101074e-05 4.5709320303408687e-05 3.7313354455857447e-05 3.0396248690838544e-05 2.4709988815671758e-05 2.0045765844298835e-05 1.622822286617754e-05 1.3110465850030672e-05 1.0569751099745159e-05 8.5037695839840449e-06 6.8274556644326945e-06 5.4702547596765208e-06 4.3737911358094053e-06 3.4898832647063506e-06 2.7788600074308929e-06 2.208136248844047e-06 1.751011527243292e-06 1.385659676288118e-06 1.0942815393631189e-06 8.623964481735593e-07 6.782514009600007e-07 5.3232975704780963e-07 4.1694381079664542e-07 3.2589784725804986e-07 2.5421024173514971e-07 1.9788487303228772e-07 1.5372360144483607e-07 1.1917284202452919e-07 9.2198364308374851e-08 7.1183392733729786e-08 5.4845886808746784e-08 4.2171564410694806e-08 3.2359811243213569e-08 2.4780108720349074e-08 1.8937023999281511e-08 1.4442150716626874e-08 1.0991676994043532e-08 8.3484970225129588e-09 6.3279814403817055e-09 4.78668620718233e-09 3.6134152629163962e-09 2.7221636747357741e-09 2.046559234481826e-09 1.5354949954791167e-09 1.1497059092848702e-09 8.5909196893704051e-10 6.4063011750136975e-10 4.7674933613242884e-10 3.5406919523087379e-10 2.6242290428392926e-10 1.9410249522058292e-10 1.432770139144773e-10 1.0554512498730457e-10 7.7591887310791192e-11 5.6926063795445841e-11 4.1679539829226628e-11 3.04545236119149e-11 2.2207417132917341e-11 1.6160762246867142e-11 1.1736629239654277e-11 8.5063428291086266e-12 6.1526261348247012e-12 4.4411609123174586e-12 3.1992709231938464e-12 2.2999809610382715e-12 1.6501231480658195e-12 1.1814831827673103e-12 8.4422455352361312e-13 6.0201572202699893e-13 4.2842743734108581e-13 3.0427514210285996e-13 2.1566297414122445e-13 1.5254739139114312e-13 1.0768475341273615e-13 7.5861957141298026e-14 5.333525953525116e-14 3.7421869341859428e-14 2.6203384313152783e-14 1.8310924975350205e-14 1.276980634393571e-14 8.8874999427030186e-15 